15594234676327415603.wav
855311094199163698.wav
11217707377939504005.wav
2191312530808932214.wav
15853918054552044297.wav
11028893958092183612.wav
13947680792553583072.wav
73307429955078187.wav
4917954879365127696.wav
8150025788481379977.wav
5113164938706734389.wav
18036574438906459955.wav
7620603757612831718.wav
4834543203460178937.wav
16396485888727067714.wav
6335876599647122148.wav
9241832959184990786.wav
7557104142011914224.wav
10341976685553206750.wav
16669885019700963396.wav
431882817187095151.wav
11941622704901662844.wav
1481147385732336098.wav
14774412295329050264.wav
6696769150324730053.wav
16513317201006236326.wav
7238111791425298938.wav
10720385629248180231.wav
8328543000321279290.wav
11201165406122550533.wav
17568142296521943117.wav
2659568133090423099.wav
17059045578901938391.wav
6918877941030011131.wav
17835427397597988243.wav
9278960224476812296.wav
16489152124002724102.wav
11235472649986906035.wav
5466940863006578672.wav
12803402900424545176.wav
13680660065868812404.wav
13476600062835855498.wav
11380120461254113338.wav
16965325210550384239.wav
3325024264200166047.wav
11591950181040700715.wav
9402870491179835904.wav
2461606694397896664.wav
4651079036727202577.wav
11516968566778419959.wav
11876494482027953520.wav
9270738244227281252.wav
1195454917064210646.wav
15600109133331219261.wav
11609258956763957846.wav
2377103713028952050.wav
7990901451021646449.wav
16188581516910186456.wav
10374571361468115166.wav
6749849282812503537.wav
6833935186310847258.wav
8487899442079092286.wav
15999673539065320062.wav
16939908473051822240.wav
5941204684950002717.wav
12462339881828800454.wav
9733306661677918852.wav
10389870810686868802.wav
1021023941766820594.wav
6920697212736974391.wav
7434046475965815861.wav
13430822581892008949.wav
13919809529435931794.wav
18106841887807220978.wav
6642061630222619010.wav
16231944877070204246.wav
15815095281587018112.wav
2220028981594972007.wav
16996447137873672437.wav
711553319227779417.wav
2191657634943915404.wav
17251832318678986338.wav
6034616655347050396.wav
9450019562104193144.wav
3778759660695312473.wav
3375313005495798388.wav
294004793159432730.wav
13296105969374009099.wav
9290537575163760063.wav
6317063975836615507.wav
6326127183579284243.wav
6299908056358406552.wav
12215762548170388239.wav
17501384182026787937.wav
2440286007122816894.wav
15836630532772567076.wav
8978783267380408935.wav
12408727358491139913.wav
4230835349478300873.wav
8427068707918027430.wav
3386802086817069.wav
13561131032822766073.wav
3578049189372806697.wav
6456084431270294407.wav
5907767933420788057.wav
15102014240519257214.wav
17532785530974597141.wav
12397915757277892898.wav
17687858733200828503.wav
9628127957732581474.wav
9184129776678644860.wav
10407696850801641226.wav
6277769242435721832.wav
13536242955734177994.wav
9953534957454288682.wav
15893965775918419138.wav
11254165176160970941.wav
13926146531443136856.wav
11902247205389812437.wav
8493151886453296475.wav
14561089035125496146.wav
2282200921209061850.wav
1532865018307785085.wav
12029631825976541042.wav
13616792342941732817.wav
9786742764928762723.wav
13639187854308630382.wav
5963781148505207683.wav
1681226549466970863.wav
16631950057938483454.wav
18010106857724435724.wav
16591815562412921658.wav
599593635050046530.wav
274772672922530637.wav
2056944530513341964.wav
3108837417629107836.wav
5523424238710210647.wav
14114993588053991373.wav
7310031915396286981.wav
12603542831480079147.wav
14111600233908050270.wav
4256243005919768029.wav
17298668798164718052.wav
272642657807112480.wav
7191841689750613190.wav
3783648679535407708.wav
12588427534724401345.wav
16538982425801361915.wav
5270992370327499621.wav
16100276808665114312.wav
7972601837835444118.wav
4675524392554630435.wav
3449726414003407953.wav
9694508162642619393.wav
15801847708734789590.wav
9350862340529044590.wav
16460035796958800230.wav
4787542515629638360.wav
11443250158054407322.wav
4628485831724267563.wav
10299787593075234746.wav
1939165096789459654.wav
203388333632572121.wav
9348760992411641297.wav
12273523946660906732.wav
2276686989539559595.wav
8944549079342387517.wav
5018394868243183842.wav
3810880748039897779.wav
330022487308962343.wav
16088155970948630874.wav
17331675749647533369.wav
12922838223734842307.wav
13223789268549065906.wav
14147234559949527049.wav
5585219461790035233.wav
2067455531174929727.wav
14331065227644427807.wav
10687355612402326839.wav
12513704937313672112.wav
11227412647326390627.wav
14786934676554619790.wav
14640062862057342421.wav
11671181900462445773.wav
8529967538295601817.wav
101098313376655166.wav
11476516496110331583.wav
5625791941219433958.wav
840746000970226874.wav
2329027930323250699.wav
11899394986189063169.wav
1542304220351331118.wav
12272256674484867368.wav
1431618079310227778.wav
8976722790607252978.wav
13774334327164956425.wav
17715836243551261558.wav
12707385766222941963.wav
6813880694443155663.wav
5805153143429002536.wav
7711704981823840203.wav
7698904531873885123.wav
11933573166772924423.wav
3614787400584915806.wav
2890789682742781252.wav
11599883157315116583.wav
8374567277719297676.wav
11541405983103363417.wav
1601679926995522624.wav
6131490257841784292.wav
12488260947163934349.wav
15955267548842596389.wav
4600458809826883728.wav
5113429053369897531.wav
6883622160564064275.wav
9869870607657792582.wav
1128631456082455257.wav
18152254213170505678.wav
9590941556701422043.wav
15715700698509786894.wav
12641088007104864345.wav
8931507481937545386.wav
2252008312193959254.wav
8800558766223307913.wav
6610981183725595196.wav
17647386754346981001.wav
17111722877204959891.wav
8018269796048956450.wav
4455854550002919799.wav
16416842719033805692.wav
18342020822917931262.wav
14274195538588860478.wav
9757932637911204833.wav
5567502238806911116.wav
14524304780286271804.wav
5005793769285764078.wav
8359403195771725133.wav
2654001213686802537.wav
13179053204619084586.wav
3055615848393455871.wav
1918980674575578773.wav
63467007774116425.wav
624314748892488539.wav
18254611756278824711.wav
16510515701267915189.wav
654478684232127006.wav
11196676579009352408.wav
5496060962613027886.wav
9087110344101385100.wav
17139433262254732828.wav
14603116211407053075.wav
16649217515599749721.wav
10282356401230561875.wav
10351434256490502810.wav
15404180390672456698.wav
1559229724710424650.wav
12035751980925455446.wav
16466386143064065975.wav
7021750770240687623.wav
18094463483505848010.wav
15554337331843087179.wav
10811591616356975289.wav
17419054948986809558.wav
10617998682169180457.wav
4956819231895964889.wav
1423870641904132302.wav
5474326533299321611.wav
5654021029439381298.wav
17221195126614549735.wav
9217085273215325766.wav
13173527170324880101.wav
13222770379735174990.wav
15252801145695024621.wav
16299101460993315396.wav
9018181216326435050.wav
12175378345651588697.wav
15675266030001431356.wav
14840381791296354059.wav
7411468374103530731.wav
18068348608410799455.wav
11211345507249690038.wav
14647851301214093562.wav
1683232712883950659.wav
9506208794915252179.wav
5249770353719080951.wav
17403123244852962484.wav
10006234569042243578.wav
14911640645306253769.wav
1195696486967306672.wav
2802544686082109138.wav
16068932546269522126.wav
10631096214926421082.wav
17840634286988945426.wav
14381501989803473610.wav
18300070919342367584.wav
671355524300179214.wav
1854921926144752141.wav
6152197503613883220.wav
4360644214118713047.wav
14780561859478805010.wav
14375742707545771540.wav
6574626457210115249.wav
11279534058446927543.wav
873743959903052915.wav
5353712569055634800.wav
11958328568139753923.wav
948251618335049016.wav
7067536358635396506.wav
9811792986826337558.wav
5243255261748219155.wav
5406730618039093798.wav
13404011681854565292.wav
15336667083583312711.wav
8189643581429727001.wav
6332781824071072087.wav
121992311841758235.wav
4464432040090274880.wav
417985258314780442.wav
5565041016025783093.wav
7362234655703712849.wav
3958523242643281365.wav
1407682510776691488.wav
15426902715584948762.wav
4372833807610764774.wav
16450261133262347371.wav
11683018358254268143.wav
7601005556738412604.wav
15193097403813544406.wav
1016149666326132107.wav
16759447641795456004.wav
14064280936460736635.wav
6675609123182576054.wav
7050665377273771510.wav
8784592162861237081.wav
11435249623359046549.wav
8481761047583305924.wav
12491582522278419125.wav
16081892997876608183.wav
10011421501248766083.wav
17681574517614285192.wav
9918379325068774960.wav
8416946149443144781.wav
2620256246670607202.wav
2167622998951631898.wav
9949382100840452619.wav
10520837655302694749.wav
6865242522675471864.wav
16538438073904040852.wav
8416783812686743224.wav
269158088408316096.wav
14484024886667708227.wav
8913908732502192837.wav
8655370233864929203.wav
17837400904563149646.wav
2188917739539008945.wav
7885952274201798031.wav
16295014702522204573.wav
2598809794610225822.wav
5527065655914676843.wav
14960928327162186181.wav
1821034302329524791.wav
9307225426211535020.wav
11175178914491339538.wav
4793971164599789929.wav
4749101141576710141.wav
6681814834276169202.wav
10978309191870853860.wav
13403805018412819668.wav
8006540066540895986.wav
11060115205277940127.wav
15684015252339864882.wav
11227036672454882514.wav
191657071237169861.wav
4802563493611021856.wav
11776583393254177613.wav
11107423469315656967.wav
16343973747060037494.wav
1498600746601942503.wav
13721304085539103940.wav
10731397240164221095.wav
10305207032800355744.wav
13912537855970673245.wav
11146267222802320663.wav
7684577308061714047.wav
14703097383861271710.wav
17930439933918870025.wav
16188575442461105699.wav
11130370744094033014.wav
10178289317788487058.wav
3055447647116619981.wav
1799479610961435617.wav
304614187726289381.wav
4056909016174881972.wav
12223843908424032112.wav
6882866763128773406.wav
17502996806299876498.wav
3792145792728064007.wav
7102793266974805625.wav
9155979005303245185.wav
14295243249304209508.wav
12098651680295759221.wav
13990547776101445854.wav
16528148181804006510.wav
5157476864932417901.wav
11103981121171446829.wav
10457461106949169554.wav
3838367868345041001.wav
10478597946193831783.wav
537475311656292496.wav
2063321587633741840.wav
8956977103917251189.wav
17104484140820488560.wav
18258762322654070292.wav
13391767625402477705.wav
7290431439079569751.wav
685001121139035775.wav
470826259109739424.wav
3166012589293646076.wav
8698808334317637426.wav
15404514546349796128.wav
11506473552585109803.wav
6456224914580573198.wav
12172126542969938428.wav
8854261573686166338.wav
7460887458594459992.wav
15330677719114720470.wav
14810835670196547873.wav
7194324513427096707.wav
15302505562895929053.wav
12020155066744817885.wav
7686192408950874528.wav
14458860147083866514.wav
15498598010514619208.wav
12726310534828841772.wav
14746612640534637263.wav
4701730841919733209.wav
8475580835643852911.wav
2205738327573248923.wav
1102752256117313357.wav
4520279211130949823.wav
92189857803077425.wav
18263807413726390452.wav
9301260410310845093.wav
2949915974265371070.wav
7404382278544353611.wav
3562730258484289627.wav
1005162064384309082.wav
18065601930864824140.wav
7892818351584829620.wav
2621430491980622789.wav
5911962763351308479.wav
2844285365628072931.wav
3471894953422105626.wav
11139908969247353646.wav
5755072104992731290.wav
1552507084917760742.wav
7346588677217062466.wav
17402154281280243714.wav
10669419491887403216.wav
996682581390476242.wav
10648588429710703114.wav
14109415676773663416.wav
12630416179090026328.wav
7912538176584775028.wav
14588883278675577729.wav
1194749086402976083.wav
17098074918428617365.wav
16401935787079148277.wav
4455893295509850999.wav
13761588207669625034.wav
3287019106399808366.wav
11725601211005662625.wav
2382037538827457954.wav
2864756786344643963.wav
15249052382157459908.wav
1874493814781113612.wav
3813968576940224069.wav
18308931433822098485.wav
9491693506037036061.wav
10246209844257109099.wav
13423455824618971868.wav
16712271607866500142.wav
11505293239331799945.wav
2727769991338541843.wav
3600970094898509860.wav
663781564802178197.wav
16196141992592200482.wav
3809184958387980988.wav
5736154778308574297.wav
12657957209863193491.wav
13253206275421820115.wav
654548012261347186.wav
13529566959641889148.wav
1550778371803734664.wav
14393090019436490510.wav
10297471416390106936.wav
7503945421178066125.wav
17784969903281480974.wav
14190043461114319830.wav
13758825636709492720.wav
12331350273218724342.wav
10200434727507770643.wav
5588445276469582225.wav
11481381979004368569.wav
18418814893449328306.wav
12145235112213814625.wav
11079403882461596843.wav
7660722845382664972.wav
10154416267906961854.wav
213381531683975046.wav
6172616306644187712.wav
16731719810552897507.wav
1911784888941704187.wav
3200988523746883898.wav
1097664620640411282.wav
6886859489867782721.wav
5726670918400973598.wav
17526279325862992102.wav
17378485583996058324.wav
6623357355106424671.wav
13171311677293928061.wav
11845170493517983618.wav
11938400524258475219.wav
14034250271087366638.wav
11612490955651816799.wav
87121691024551825.wav
10463617820497763255.wav
9247797456361804067.wav
12066288119553996013.wav
15147794124560983693.wav
17632107441463333549.wav
7427257513813425024.wav
16920772618480627652.wav
8389337761336909841.wav
3113586523514065717.wav
18145463642580148945.wav
11904523602726655374.wav
2313185299979686299.wav
1680557857246233733.wav
11692787407663437251.wav
10092472195739631949.wav
9571964236735764938.wav
2610890714615925037.wav
2318899568420670938.wav
9595510920931926058.wav
9287498028705926680.wav
6663208095623034863.wav
5736059555556685365.wav
6143373674315049581.wav
13431429425114996188.wav
4683547336647987933.wav
13283143988949408913.wav
8571187096425847379.wav
13968879599712086217.wav
4009485971528365667.wav
17257669145071171362.wav
13433536670790481125.wav
11868526892199291466.wav
1043540705761382973.wav
2764176364456481723.wav
9058813429370875146.wav
13011435564803290605.wav
10711656645314462652.wav
13861122006181992324.wav
14236139462190910405.wav
17397688449852218665.wav
7159547723590597647.wav
6352525799217560870.wav
16536717681307117066.wav
14424050358557852762.wav
4548911531188216134.wav
7479293825983362381.wav
7029631004498199262.wav
5075421138976232868.wav
15796242732630120366.wav
3963935598431072942.wav
11401826535847389633.wav
18069153748847763478.wav
17898441855366227772.wav
5465287598628672272.wav
4589567690381623135.wav
11195535063283692892.wav
7671040828190119915.wav
705594896427377302.wav
5617590390671837262.wav
155253868353026515.wav
10232508252144639920.wav
2362115364697045487.wav
5933567490892735867.wav
5905182485703080979.wav
6594725361521260745.wav
8659761028583547321.wav
13093510566835476483.wav
15873019984804576296.wav
434569852190286230.wav
14429864729634126369.wav
6683977421344822305.wav
2804484258676772208.wav
15041685206777066639.wav
1718667403671548377.wav
3617963524343320642.wav
17116330072174995741.wav
4718308166841201152.wav
3562775068995826807.wav
16731978417961819221.wav
4605197269345846708.wav
17285387405080507114.wav
14946672176780972836.wav
1521235598722724719.wav
18304622759675954609.wav
4040376644962032076.wav
4815342217380879661.wav
16367790779190259153.wav
1340513138223231883.wav
3418388983585888632.wav
9794324752902925847.wav
17396310695187460576.wav
9990615800078087245.wav
1187442038142040964.wav
1696321790822667176.wav
4158011708410360222.wav
15894769185394645942.wav
13627647772478787706.wav
5031382573998699229.wav
15825228321600852640.wav
7854271724876163740.wav
3635772455706313972.wav
2902714384310789491.wav
6041550599783003925.wav
12812261310414708675.wav
14334098358149666650.wav
14751826881475982065.wav
4323514505847540497.wav
17520309666168973386.wav
9435326709613931777.wav
10589912432627631009.wav
9274104948319305812.wav
14982080112472032101.wav
6155792784422643124.wav
1030457371418568501.wav
6755739448649227946.wav
15499311069589672383.wav
9081312192996843710.wav
14085754058186666052.wav
4931497545066770538.wav
11026560552023779968.wav
12951591455683070840.wav
14195210554140347811.wav
5511260414424397128.wav
15595775382562026092.wav
15778358729977703192.wav
8693740510693702365.wav
13308904359789596468.wav
8818343425720245564.wav
8343765944251584013.wav
3211739150117996488.wav
2451888303163805620.wav
10500603492644957062.wav
4719080221621362374.wav
5119402405985053471.wav
12867529632782813507.wav
9999440487467831637.wav
10620052372303171967.wav
2703296095177953379.wav
17979580953525089549.wav
8996303913723881691.wav
10106115556576319792.wav
16332214464877497169.wav
1073468520630262932.wav
6712400635563177891.wav
8683731788061316882.wav
1795332654343005926.wav
8099581912974706373.wav
10893707493178511989.wav
4048277616397112507.wav
865650324521279203.wav
4253275986085181809.wav
15724084022558278197.wav
6570476024320224517.wav
16097669988337495916.wav
5079492926994609865.wav
16328560862637048889.wav
15539964515104936973.wav
15446776060382481570.wav
14148884778816762691.wav
11614846719916258036.wav
8077237546734804104.wav
1195373164823940698.wav
4209660832174616496.wav
12283684339296842337.wav
8050371122045305168.wav
10190202940996280946.wav
994064734170401052.wav
3689946904344107276.wav
14247233398200820072.wav
14393983911340890298.wav
14067423807157654882.wav
9982592376061648138.wav
2792849352819814488.wav
18042938951685543590.wav
7256674609862441131.wav
13979855208731379427.wav
9759097258230794720.wav
8452316714826175708.wav
1696494176990649285.wav
16701543781762272925.wav
12533085694197353594.wav
4524674278465814628.wav
9820052405584410458.wav
11619731046285587921.wav
3562773468742977187.wav
14827605184849631184.wav
7822665388158573850.wav
5014798479152729600.wav
3286894051827474329.wav
4604840813719082891.wav
12197821415645315105.wav
14443799469719775623.wav
10720856952534009482.wav
8039372122855962720.wav
11270624462670868205.wav
11863285221122584229.wav
2301849321400390135.wav
13810326463177783822.wav
2204949648035529286.wav
2887009420190560020.wav
10569616495172770147.wav
17948074814057682164.wav
7591756675340739985.wav
13196696234019085585.wav
16898018952286887769.wav
8893832128652842945.wav
8087537835181188017.wav
13999868502120922119.wav
11845629509557770322.wav
6501954370618010716.wav
857217581885404944.wav
3190937571989910219.wav
11375002168442190343.wav
2113543125811747513.wav
12450970789792385767.wav
10794119872598842970.wav
18046303380386151245.wav
3571658140597780760.wav
7883741975361524449.wav
15941873717282831953.wav
1280980588714548531.wav
17109821812270755994.wav
15375413620335106762.wav
11130644416523356963.wav
17752972008907306047.wav
13542730331933818161.wav
10107211098464288370.wav
15129234047270760645.wav
1501435894079862575.wav
14862509910125629486.wav
11001373784816863068.wav
2933004718741807385.wav
18270218494781555776.wav
3408641473731414563.wav
5234004520407625747.wav
3989631394387574753.wav
13545376643093891528.wav
9944547268198486324.wav
14265192478034607031.wav
1281300404938345474.wav
17145087403879937428.wav
16517066234311807647.wav
10282745125231338254.wav
697688919172401090.wav
13856399294082119875.wav
15200918680176654595.wav
3753719236088786615.wav
6395673182838719429.wav
9352901108573461733.wav
9320221715505850499.wav
6037574374094541322.wav
